0 81.8186 -96.1591105541
1 -96.1591105541 81.743
2 81.743 -100.401110554
3 -100.401110554 81.6245
4 81.6245 -104.546210554
5 -104.546210554 81.465
6 81.465 -108.558510554
7 -108.558510554 81.2666
8 81.2666 -112.409010554
9 -112.409010554 81.032
10 81.032 -116.076810554
11 -116.076810554 80.7639
12 80.7639 -119.548610554
13 -119.548610554 80.4652
14 80.4652 -122.818110554
15 -122.818110554 80.1385
16 80.1385 -125.884610554
17 -125.884610554 79.7867
18 79.7867 -128.752010554
19 -128.752010554 79.4122
20 79.4122 -131.427410554
21 -131.427410554 79.0173
22 79.0173 -133.920310554
23 -133.920310554 78.6041
24 78.6041 -136.241410554
25 -136.241410554 78.1746
26 78.1746 -138.402210554
27 -138.402210554 77.7304
28 77.7304 -140.414110554
29 -140.414110554 77.2732
30 77.2732 -142.288610554
31 -142.288610554 76.8041
32 76.8041 -144.036410554
33 -144.036410554 76.3246
34 76.3246 -145.668110554
35 -145.668110554 75.8355
36 75.8355 -147.193010554
37 -147.193010554 75.3379
38 75.3379 -148.620110554
39 -148.620110554 74.8327
40 74.8327 -149.957610554
41 -149.957610554 74.3204
42 74.3204 -151.213010554
43 -151.213010554 73.8019
44 73.8019 -152.393010554
45 -152.393010554 73.2776
46 73.2776 -153.504010554
47 -153.504010554 72.7481
48 72.7481 -154.551510554
49 -154.551510554 72.2139
50 72.2139 -155.540710554
51 -155.540710554 71.6754
52 71.6754 -156.476210554
53 -156.476210554 71.1329
54 71.1329 -157.362310554
55 -157.362310554 70.5867
56 70.5867 -158.202710554
57 -158.202710554 70.0372
58 70.0372 -159.001010554
59 -159.001010554 69.4847
60 69.4847 -159.760310554
61 -159.760310554 68.9293
62 68.9293 -160.483510554
63 -160.483510554 68.3712
64 68.3712 -161.173210554
65 -161.173210554 67.8108
66 67.8108 -161.831810554
67 -161.831810554 67.248
68 67.248 -162.461510554
69 -162.461510554 66.6832
70 66.6832 -163.064310554
71 -163.064310554 66.1164
72 66.1164 -163.642010554
73 -163.642010554 65.5478
74 65.5478 -164.196310554
75 -164.196310554 64.9775
76 64.9775 -164.728710554
77 -164.728710554 64.4056
78 64.4056 -165.240610554
79 -165.240610554 63.8322
80 63.8322 -165.733310554
81 -165.733310554 63.2574
82 63.2574 -166.208010554
83 -166.208010554 62.6813
84 62.6813 -166.665910554
85 -166.665910554 62.104
86 62.104 -167.107910554
87 -167.107910554 61.5254
88 61.5254 -167.534910554
89 -167.534910554 60.9458
90 60.9458 -167.947910554
91 -167.947910554 60.3652
92 60.3652 -168.347610554
93 -168.347610554 59.7835
94 59.7835 -168.734810554
95 -168.734810554 59.201
96 59.201 -169.110210554
97 -169.110210554 58.6175
98 58.6175 -169.474410554
99 -169.474410554 58.0332
100 58.0332 -169.828010554
101 -169.828010554 57.4481
102 57.4481 -170.171710554
103 -170.171710554 56.8622
104 56.8622 -170.505810554
105 -170.505810554 56.2757
106 56.2757 -170.831010554
107 -170.831010554 55.6884
108 55.6884 -171.147610554
109 -171.147610554 55.1005
110 55.1005 -171.456110554
111 -171.456110554 54.5119
112 54.5119 -171.756910554
113 -171.756910554 53.9228
114 53.9228 -172.050410554
115 -172.050410554 53.333
116 53.333 -172.336810554
117 -172.336810554 52.7427
118 52.7427 -172.616610554
119 -172.616610554 52.1519
120 52.1519 -172.890110554
121 -172.890110554 51.5606
122 51.5606 -173.157510554
123 -173.157510554 50.9688
124 50.9688 -173.419210554
125 -173.419210554 50.3765
126 50.3765 -173.675310554
127 -173.675310554 49.7838
128 49.7838 -173.926210554
129 -173.926210554 49.1906
130 49.1906 -174.172010554
131 -174.172010554 48.597
132 48.597 -174.413010554
133 -174.413010554 48.003
134 48.003 -174.649410554
135 -174.649410554 47.4087
136 47.4087 -174.881410554
137 -174.881410554 46.8139
138 46.8139 -175.109210554
139 -175.109210554 46.2188
140 46.2188 -175.332910554
141 -175.332910554 45.6233
142 45.6233 -175.552710554
143 -175.552710554 45.0275
144 45.0275 -175.768810554
145 -175.768810554 44.4314
146 44.4314 -175.981310554
147 -175.981310554 43.835
148 43.835 -176.190410554
149 -176.190410554 43.2382
150 43.2382 -176.396210554
151 -176.396210554 42.6412
152 42.6412 -176.598810554
153 -176.598810554 42.0438
154 42.0438 -176.798410554
155 -176.798410554 41.4462
156 41.4462 -176.995110554
157 -176.995110554 40.8483
158 40.8483 -177.188910554
159 -177.188910554 40.2502
160 40.2502 -177.380110554
161 -177.380110554 39.6518
162 39.6518 -177.568610554
163 -177.568610554 39.0531
164 39.0531 -177.754610554
165 -177.754610554 38.4542
166 38.4542 -177.938210554
167 -177.938210554 37.8551
168 37.8551 -178.119510554
169 -178.119510554 37.2558
170 37.2558 -178.298610554
171 -178.298610554 36.6562
172 36.6562 -178.475510554
173 -178.475510554 36.0564
174 36.0564 -178.650310554
175 -178.650310554 35.4564
176 35.4564 -178.823210554
177 -178.823210554 34.8562
178 34.8562 -178.994110554
179 -178.994110554 34.2558
180 34.2558 -179.163110554
181 -179.163110554 33.6552
182 33.6552 -179.330310554
183 -179.330310554 33.0545
184 33.0545 -179.495910554
185 -179.495910554 32.4535
186 32.4535 -179.659710554
187 -179.659710554 31.8524
188 31.8524 -179.821910554
189 -179.821910554 31.2511
190 31.2511 -179.982610554
191 -179.982610554 30.6497
192 30.6497 179.858189446
193 179.858189446 30.048
194 30.048 179.700389446
195 179.700389446 29.4463
196 29.4463 179.543989446
197 179.543989446 28.8443
198 28.8443 179.388989446
199 179.388989446 28.2423
200 28.2423 179.235289446
201 179.235289446 27.64
202 27.64 179.082789446
203 179.082789446 27.0377
204 27.0377 178.931589446
205 178.931589446 26.4352
206 26.4352 178.781389446
207 178.781389446 25.8326
208 25.8326 178.632389446
209 178.632389446 25.2298
210 25.2298 178.484489446
211 178.484489446 24.6269
212 24.6269 178.337689446
213 178.337689446 24.0239
214 24.0239 178.191789446
215 178.191789446 23.4208
216 23.4208 178.046889446
217 178.046889446 22.8176
218 22.8176 177.902889446
219 177.902889446 22.2143
220 22.2143 177.759789446
221 177.759789446 21.6109
222 21.6109 177.617589446
223 177.617589446 21.0073
224 21.0073 177.476189446
225 177.476189446 20.4037
226 20.4037 177.335589446
227 177.335589446 19.8
228 19.8 177.195789446
229 177.195789446 19.1962
230 19.1962 177.056689446
231 177.056689446 18.5923
232 18.5923 176.918289446
233 176.918289446 17.9883
234 17.9883 176.780589446
235 176.780589446 17.3842
236 17.3842 176.643489446
237 176.643489446 16.7801
238 16.7801 176.507089446
239 176.507089446 16.1759
240 16.1759 176.371289446
241 176.371289446 15.5716
242 15.5716 176.235989446
243 176.235989446 14.9673
244 14.9673 176.101289446
245 176.101289446 14.3629
246 14.3629 175.967089446
247 175.967089446 13.7584
248 13.7584 175.833389446
249 175.833389446 13.1539
250 13.1539 175.700089446
251 175.700089446 12.5493
252 12.5493 175.567289446
253 175.567289446 11.9447
254 11.9447 175.434989446
255 175.434989446 11.34
256 11.34 175.302989446
257 175.302989446 10.7353
258 10.7353 175.171389446
259 175.171389446 10.1305
260 10.1305 175.040189446
261 175.040189446 9.5257
262 9.5257 174.909289446
263 174.909289446 8.9209
264 8.9209 174.778689446
265 174.778689446 8.3161
266 8.3161 174.648389446
267 174.648389446 7.7112
268 7.7112 174.518389446
269 174.518389446 7.1063
270 7.1063 174.388689446
271 174.388689446 6.5013
272 6.5013 174.259089446
273 174.259089446 5.8964
274 5.8964 174.129789446
275 174.129789446 5.2914
276 5.2914 174.000689446
277 174.000689446 4.6865
278 4.6865 173.871689446
279 173.871689446 4.0815
280 4.0815 173.742889446
281 173.742889446 3.4765
282 3.4765 173.614189446
283 173.614189446 2.8715
284 2.8715 173.485689446
285 173.485689446 2.2665
286 2.2665 173.357189446
287 173.357189446 1.6615
288 1.6615 173.228789446
289 173.228789446 1.0566
290 1.0566 173.100489446
291 173.100489446 0.4516
292 0.4516 172.972189446
293 172.972189446 -0.1533
294 -0.1533 172.843889446
295 172.843889446 -0.7583
296 -0.7583 172.715589446
297 172.715589446 -1.3632
298 -1.3632 172.587289446
299 172.587289446 -1.9681
300 -1.9681 172.458889446
301 172.458889446 -2.573
302 -2.573 172.330489446
303 172.330489446 -3.1778
304 -3.1778 172.201989446
305 172.201989446 -3.7826
306 -3.7826 172.073389446
307 172.073389446 -4.3874
308 -4.3874 171.944689446
309 171.944689446 -4.9921
310 -4.9921 171.815789446
311 171.815789446 -5.5968
312 -5.5968 171.686789446
313 171.686789446 -6.2015
314 -6.2015 171.557689446
315 171.557689446 -6.8061
316 -6.8061 171.428289446
317 171.428289446 -7.4106
318 -7.4106 171.298689446
319 171.298689446 -8.0151
320 -8.0151 171.168889446
321 171.168889446 -8.6196
322 -8.6196 171.038789446
323 171.038789446 -9.224
324 -9.224 170.908389446
325 170.908389446 -9.8283
326 -9.8283 170.777689446
327 170.777689446 -10.4326
328 -10.4326 170.646789446
329 170.646789446 -11.0368
330 -11.0368 170.515389446
331 170.515389446 -11.6409
332 -11.6409 170.383689446
333 170.383689446 -12.2449
334 -12.2449 170.251689446
335 170.251689446 -12.8489
336 -12.8489 170.119189446
337 170.119189446 -13.4528
338 -13.4528 169.986289446
339 169.986289446 -14.0566
340 -14.0566 169.852889446
341 169.852889446 -14.6603
342 -14.6603 169.719089446
343 169.719089446 -15.2639
344 -15.2639 169.584689446
345 169.584689446 -15.8675
346 -15.8675 169.449889446
347 169.449889446 -16.4709
348 -16.4709 169.314489446
349 169.314489446 -17.0742
350 -17.0742 169.178489446
351 169.178489446 -17.6775
352 -17.6775 169.041889446
353 169.041889446 -18.2806
354 -18.2806 168.904589446
355 168.904589446 -18.8836
356 -18.8836 168.766789446
357 168.766789446 -19.4865
358 -19.4865 168.628189446
359 168.628189446 -20.0893
360 -20.0893 168.488889446
361 168.488889446 -20.692
362 -20.692 168.348889446
363 168.348889446 -21.2945
364 -21.2945 168.208089446
365 168.208089446 -21.8969
366 -21.8969 168.066489446
367 168.066489446 -22.4992
368 -22.4992 167.923989446
369 167.923989446 -23.1014
370 -23.1014 167.780689446
371 167.780689446 -23.7034
372 -23.7034 167.636489446
373 167.636489446 -24.3053
374 -24.3053 167.491389446
375 167.491389446 -24.907
376 -24.907 167.345189446
377 167.345189446 -25.5086
378 -25.5086 167.198089446
379 167.198089446 -26.11
380 -26.11 167.049889446
381 167.049889446 -26.7113
382 -26.7113 166.900589446
383 166.900589446 -27.3124
384 -27.3124 166.750189446
385 166.750189446 -27.9134
386 -27.9134 166.598689446
387 166.598689446 -28.5142
388 -28.5142 166.445889446
389 166.445889446 -29.1148
390 -29.1148 166.291789446
391 166.291789446 -29.7152
392 -29.7152 166.136489446
393 166.136489446 -30.3155
394 -30.3155 165.979789446
395 165.979789446 -30.9156
396 -30.9156 165.821689446
397 165.821689446 -31.5155
398 -31.5155 165.662089446
399 165.662089446 -32.1152
400 -32.1152 165.500989446
401 165.500989446 -32.7147
402 -32.7147 165.338389446
403 165.338389446 -33.314
404 -33.314 165.174189446
405 165.174189446 -33.9131
406 -33.9131 165.008189446
407 165.008189446 -34.5119
408 -34.5119 164.840589446
409 164.840589446 -35.1106
410 -35.1106 164.671089446
411 164.671089446 -35.7091
412 -35.7091 164.499789446
413 164.499789446 -36.3073
414 -36.3073 164.326489446
415 164.326489446 -36.9053
416 -36.9053 164.151189446
417 164.151189446 -37.503
418 -37.503 163.973789446
419 163.973789446 -38.1005
420 -38.1005 163.794189446
421 163.794189446 -38.6978
422 -38.6978 163.612389446
423 163.612389446 -39.2947
424 -39.2947 163.428189446
425 163.428189446 -39.8915
426 -39.8915 163.241589446
427 163.241589446 -40.4879
428 -40.4879 163.052489446
429 163.052489446 -41.0841
430 -41.0841 162.860789446
431 162.860789446 -41.68
432 -41.68 162.666389446
433 162.666389446 -42.2756
434 -42.2756 162.469089446
435 162.469089446 -42.8709
436 -42.8709 162.268789446
437 162.268789446 -43.4659
438 -43.4659 162.065489446
439 162.065489446 -44.0605
440 -44.0605 161.858989446
441 161.858989446 -44.6549
442 -44.6549 161.649189446
443 161.649189446 -45.2489
444 -45.2489 161.435989446
445 161.435989446 -45.8425
446 -45.8425 161.219089446
447 161.219089446 -46.4358
448 -46.4358 160.998489446
449 160.998489446 -47.0287
450 -47.0287 160.773989446
451 160.773989446 -47.6212
452 -47.6212 160.545389446
453 160.545389446 -48.2134
454 -48.2134 160.312489446
455 160.312489446 -48.8051
456 -48.8051 160.075189446
457 160.075189446 -49.3964
458 -49.3964 159.833289446
459 159.833289446 -49.9872
460 -49.9872 159.586489446
461 159.586489446 -50.5777
462 -50.5777 159.334589446
463 159.334589446 -51.1676
464 -51.1676 159.077389446
465 159.077389446 -51.757
466 -51.757 158.814689446
467 158.814689446 -52.346
468 -52.346 158.546189446
469 158.546189446 -52.9344
470 -52.9344 158.271589446
471 158.271589446 -53.5222
472 -53.5222 157.990489446
473 157.990489446 -54.1095
474 -54.1095 157.702789446
475 157.702789446 -54.6962
476 -54.6962 157.408089446
477 157.408089446 -55.2823
478 -55.2823 157.105989446
479 157.105989446 -55.8677
480 -55.8677 156.796089446
481 156.796089446 -56.4524
482 -56.4524 156.477989446
483 156.477989446 -57.0365
484 -57.0365 156.151289446
485 156.151289446 -57.6197
486 -57.6197 155.815589446
487 155.815589446 -58.2023
488 -58.2023 155.470289446
489 155.470289446 -58.7839
490 -58.7839 155.114989446
491 155.114989446 -59.3648
492 -59.3648 154.748989446
493 154.748989446 -59.9447
494 -59.9447 154.371689446
495 154.371689446 -60.5237
496 -60.5237 153.982589446
497 153.982589446 -61.1016
498 -61.1016 153.580889446
499 153.580889446 -61.6786
500 -61.6786 153.165789446
501 153.165789446 -62.2543
502 -62.2543 152.736589446
503 152.736589446 -62.8289
504 -62.8289 152.292289446
505 152.292289446 -63.4023
506 -63.4023 151.831989446
507 151.831989446 -63.9743
508 -63.9743 151.354789446
509 151.354789446 -64.5449
510 -64.5449 150.859389446
511 150.859389446 -65.1139
512 -65.1139 150.344689446
513 150.344689446 -65.6814
514 -65.6814 149.809389446
515 149.809389446 -66.2471
516 -66.2471 149.252089446
517 149.252089446 -66.811
518 -66.811 148.671189446
519 148.671189446 -67.3729
520 -67.3729 148.064989446
521 148.064989446 -67.9327
522 -67.9327 147.431689446
523 147.431689446 -68.4901
524 -68.4901 146.769289446
525 146.769289446 -69.0452
526 -69.0452 146.075689446
527 146.075689446 -69.5976
528 -69.5976 145.348289446
529 145.348289446 -70.1471
530 -70.1471 144.584589446
531 144.584589446 -70.6935
532 -70.6935 143.781689446
533 143.781689446 -71.2365
534 -71.2365 142.936389446
535 142.936389446 -71.7758
536 -71.7758 142.045189446
537 142.045189446 -72.3112
538 -72.3112 141.104189446
539 141.104189446 -72.8421
540 -72.8421 140.109189446
541 140.109189446 -73.3683
542 -73.3683 139.055589446
543 139.055589446 -73.8893
544 -73.8893 137.938189446
545 137.938189446 -74.4045
546 -74.4045 136.751389446
547 136.751389446 -74.9133
548 -74.9133 135.488889446
549 135.488889446 -75.4151
550 -75.4151 134.143789446
551 134.143789446 -75.9091
552 -75.9091 132.708789446
553 132.708789446 -76.3946
554 -76.3946 131.175689446
555 131.175689446 -76.8705
556 -76.8705 129.535489446
557 129.535489446 -77.3358
558 -77.3358 127.778789446
559 127.778789446 -77.7893
560 -77.7893 125.895189446
561 125.895189446 -78.2296
562 -78.2296 123.873989446
563 123.873989446 -78.6552
564 -78.6552 121.703889446
565 121.703889446 -79.0644
566 -79.0644 119.373489446
567 119.373489446 -79.4553
568 -79.4553 116.871689446
569 116.871689446 -79.8257
570 -79.8257 114.187989446
571 114.187989446 -80.1733
572 -80.1733 111.313189446
573 111.313189446 -80.4958
574 -80.4958 108.240689446
575 108.240689446 -80.7903
576 -80.7903 104.966889446
577 104.966889446 -81.0542
578 -81.0542 101.492889446
579 101.492889446 -81.2847
580 -81.2847 97.8256894459
581 97.8256894459 -81.479
582 -81.479 93.9789894459
583 93.9789894459 -81.6347
584 -81.6347 89.9740894459
585 89.9740894459 -81.7496
586 -81.7496 85.8398894459
587 85.8398894459 -81.822
588 -81.822 81.6125894459
589 81.6125894459 -81.8506
590 -81.8506 77.3336894459
